25826298
24632365
23014838
21715751
15239632
7593870
3238325
2179152
2029608
2017275
1911336
1812074
1357808
1297818
1192196
1028380
1015383
983866
886052
816551
815126
799643
793974
752991
658851
584514
578899
568268
562880
552983
541660
538933
529609
522054
518745
508692
432584
431394
422341
413739
413622
406839
385577
348922
346108
334027
324882
315646
300318
257693
252970
244901
242986
213934
205730
192582
192048
173761
173535
161444
159250
154307
152688
147354
140664
140386
132664
130705
119807
118897
116942
114051
105626
101449
97444
95926
91747
91660
89278
89204
88757
87616
86734
85545
85004
84209
82718
81496
80748
80597
79317
79155
78557
77971
77622
76752
76183
75980
73339
73199
72549
72240
71344
70963
68868
68576
67858
67531
66281
66145
65797
64658
63981
60068
58730
57663
56599
55011
54930
54604
54273
54262
53152
52937
52404
52256
50759
49688
49195
48809
48785
47527
47358
46516
46487
46370
45756
45072
45061
45036
44964
44320
42899
41805
41744
39820
39582
39162
39082
38931
38259
38154
37902
37632
37441
37357
37335
37220
37123
37106
37023
36957
36757
36719
36705
36531
36137
36095
35782
34954
34463
34190
34055
33344
33122
32962
32878
32659
32436
31794
31399
31258
31168
30485
29401
28549
27900
27256
26874
26733
26209
25676
25628
25496
25179
23738
23334
21911
21701
